Started for cv degrees at 2019-02-14 15:31:38.794374, using 24 core/sRunning cross validation for 5 degree check and 0 th-fold

======================================
Started run at 2019-02-14 15:31:38.949773
Running cross validation for 6 degree check and 0 th-fold
Started Integration at 2019-02-14 15:31:38.950631
Running cross validation for 8 degree check and 0 th-fold
Running cross validation for 9 degree check and 0 th-fold
Running cross validation for 14 degree check and 0 th-fold
Running cross validation for 8 degree check and 2 th-fold
Running cross validation for 17 degree check and 0 th-fold
Running cross validation for 5 degree check and 2 th-fold
Running cross validation for 11 degree check and 0 th-fold
Running cross validation for 6 degree check and 2 th-fold
Running cross validation for 15 degree check and 0 th-fold
Running cross validation for 19 degree check and 1 th-fold
Running cross validation for 12 degree check and 0 th-fold
Running cross validation for 6 degree check and 1 th-fold
Running cross validation for 9 degree check and 2 th-fold
Running cross validation for 15 degree check and 1 th-fold

======================================
Started run at 2019-02-14 15:31:39.068374
Running cross validation for 14 degree check and 1 th-fold
Running cross validation for 9 degree check and 1 th-fold
Running cross validation for 12 degree check and 1 th-fold
Running cross validation for 19 degree check and 0 th-fold
Running cross validation for 8 degree check and 1 th-fold
Running cross validation for 11 degree check and 1 th-fold

======================================
Started run at 2019-02-14 15:31:38.957348

======================================
Started run at 2019-02-14 15:31:39.008393
Running cross validation for 17 degree check and 1 th-fold
Running cross validation for 5 degree check and 1 th-fold

======================================
Started run at 2019-02-14 15:31:39.028447

======================================
Started run at 2019-02-14 15:31:39.038375

======================================
Started run at 2019-02-14 15:31:39.048443

======================================
Started run at 2019-02-14 15:31:39.098373

======================================
Started run at 2019-02-14 15:31:39.088452
Started Integration at 2019-02-14 15:31:39.139299

======================================
Started run at 2019-02-14 15:31:39.129422
Finished Integration at 2019-02-14 15:31:39.151378

======================================
Started run at 2019-02-14 15:31:39.139443

======================================
Started run at 2019-02-14 15:31:39.149385

======================================
Started run at 2019-02-14 15:31:39.088427

======================================
Started run at 2019-02-14 15:31:39.151772

======================================
Started run at 2019-02-14 15:31:39.151722

======================================
Started run at 2019-02-14 15:31:39.151765

======================================
Started run at 2019-02-14 15:31:39.151711
Started Integration at 2019-02-14 15:31:39.152550

======================================
Started run at 2019-02-14 15:31:39.152291

======================================
Started run at 2019-02-14 15:31:39.152649

======================================
Started run at 2019-02-14 15:31:39.152657
Started Integration at 2019-02-14 15:31:39.155310
Started Integration at 2019-02-14 15:31:39.155481
Started Integration at 2019-02-14 15:31:39.152918

======================================
Started run at 2019-02-14 15:31:39.152659
Started Integration at 2019-02-14 15:31:39.153591

======================================
Started run at 2019-02-14 15:31:39.153358
Started Integration at 2019-02-14 15:31:39.153649
Started Integration at 2019-02-14 15:31:39.153972

======================================
Started run at 2019-02-14 15:31:39.153777
Started Integration at 2019-02-14 15:31:39.154023
Started Integration at 2019-02-14 15:31:39.157061

======================================
Started run at 2019-02-14 15:31:39.154139
Started Integration at 2019-02-14 15:31:39.154984
Started Integration at 2019-02-14 15:31:39.155482
Started Integration at 2019-02-14 15:31:39.155481
Started Integration at 2019-02-14 15:31:39.155479
Started Integration at 2019-02-14 15:31:39.155638
Started Integration at 2019-02-14 15:31:39.159032
Started Integration at 2019-02-14 15:31:39.159191
Finished Optimization at 2019-02-14 15:31:39.160521
Optimization terminated after 10 iterations. Exit Code = 0Optimization terminated successfully.

Started Integration at 2019-02-14 15:31:39.160836
Started Integration at 2019-02-14 15:31:39.172252
Started Integration at 2019-02-14 15:31:39.158260
Started Integration at 2019-02-14 15:31:39.158778
Started Integration at 2019-02-14 15:31:39.158814
Started Integration at 2019-02-14 15:31:39.158849
Started Integration at 2019-02-14 15:31:39.201297
Running cross validation for 11 degree check and 2 th-fold

======================================
Started run at 2019-02-14 15:31:39.219283
Started Integration at 2019-02-14 15:31:39.229277
Finished Integration at 2019-02-14 15:31:39.458285
Finished Integration at 2019-02-14 15:31:39.460268
Finished Optimization at 2019-02-14 15:31:39.467281
Optimization terminated after 16 iterations. Exit Code = 0Optimization terminated successfully.

Finished Integration at 2019-02-14 15:31:39.469275
Started Integration at 2019-02-14 15:31:39.471241
Finished Optimization at 2019-02-14 15:31:39.473276
Optimization terminated after 23 iterations. Exit Code = 0Optimization terminated successfully.

Started Integration at 2019-02-14 15:31:39.479283
Finished Integration at 2019-02-14 15:31:39.481305
Finished Optimization at 2019-02-14 15:31:39.487279
Optimization terminated after 22 iterations. Exit Code = 0Optimization terminated successfully.

Started Integration at 2019-02-14 15:31:39.493275
Finished Optimization at 2019-02-14 15:31:39.499278
Optimization terminated after 20 iterations. Exit Code = 0Optimization terminated successfully.

Started Integration at 2019-02-14 15:31:39.505272
Finished Integration at 2019-02-14 15:31:39.511278
Running cross validation for 12 degree check and 2 th-fold

======================================
Started run at 2019-02-14 15:31:39.521276
Running cross validation for 14 degree check and 2 th-fold
Started Integration at 2019-02-14 15:31:39.531249
Finished Optimization at 2019-02-14 15:31:39.531272
Optimization terminated after 25 iterations. Exit Code = 0Optimization terminated successfully.


======================================
Started run at 2019-02-14 15:31:39.531293
Started Integration at 2019-02-14 15:31:39.537284
Started Integration at 2019-02-14 15:31:39.539270
Running cross validation for 15 degree check and 2 th-fold

======================================
Started run at 2019-02-14 15:31:39.570249
Running cross validation for 17 degree check and 2 th-fold
Started Integration at 2019-02-14 15:31:39.576376

======================================
Started run at 2019-02-14 15:31:39.576326
Started Integration at 2019-02-14 15:31:39.584279
Running cross validation for 19 degree check and 2 th-fold

======================================
Started run at 2019-02-14 15:31:39.606280
Started Integration at 2019-02-14 15:31:39.614281
Finished Integration at 2019-02-14 15:31:39.621280
Finished Optimization at 2019-02-14 15:31:39.642281
Optimization terminated after 12 iterations. Exit Code = 0Optimization terminated successfully.

Started Integration at 2019-02-14 15:31:39.648273
Finished Integration at 2019-02-14 15:31:39.665282
Finished Integration at 2019-02-14 15:31:39.685264
Finished Optimization at 2019-02-14 15:31:39.687284
Optimization terminated after 12 iterations. Exit Code = 0Optimization terminated successfully.

Started Integration at 2019-02-14 15:31:39.693279
Finished Integration at 2019-02-14 15:31:39.714286
Finished Integration at 2019-02-14 15:31:39.725284
Finished Integration at 2019-02-14 15:31:39.746286
Finished Optimization at 2019-02-14 15:31:39.746294
Optimization terminated after 44 iterations. Exit Code = 0Optimization terminated successfully.

Finished Optimization at 2019-02-14 15:31:39.754288
Optimization terminated after 15 iterations. Exit Code = 0Optimization terminated successfully.

Started Integration at 2019-02-14 15:31:39.754324
Started Integration at 2019-02-14 15:31:39.762282
Finished Optimization at 2019-02-14 15:31:39.769915
Optimization terminated after 10 iterations. Exit Code = 0Optimization terminated successfully.

Started Integration at 2019-02-14 15:31:39.770356
Running cross validation for 5 degree check and 3 th-fold

======================================
Started run at 2019-02-14 15:31:39.779273
Started Integration at 2019-02-14 15:31:39.787281
Running cross validation for 6 degree check and 3 th-fold

======================================
Started run at 2019-02-14 15:31:39.797270
Started Integration at 2019-02-14 15:31:39.805278
Finished Optimization at 2019-02-14 15:31:39.811288
Optimization terminated after 38 iterations. Exit Code = 0Optimization terminated successfully.

Started Integration at 2019-02-14 15:31:39.817281
Finished Integration at 2019-02-14 15:31:39.837255
Running cross validation for 8 degree check and 3 th-fold

======================================
Started run at 2019-02-14 15:31:39.847274
Started Integration at 2019-02-14 15:31:39.855281
Running cross validation for 9 degree check and 3 th-fold

======================================
Started run at 2019-02-14 15:31:39.878278
Started Integration at 2019-02-14 15:31:39.886281
Finished Optimization at 2019-02-14 15:31:39.892277
Optimization terminated after 9 iterations. Exit Code = 0Optimization terminated successfully.

Started Integration at 2019-02-14 15:31:39.898280
Running cross validation for 11 degree check and 3 th-fold
Finished Integration at 2019-02-14 15:31:39.906279

======================================
Started run at 2019-02-14 15:31:39.906254
Started Integration at 2019-02-14 15:31:39.914277
Finished Integration at 2019-02-14 15:31:39.920281
Running cross validation for 12 degree check and 3 th-fold

======================================
Started run at 2019-02-14 15:31:39.926279
Started Integration at 2019-02-14 15:31:39.934283
Finished Integration at 2019-02-14 15:31:39.948257
Finished Integration at 2019-02-14 15:31:39.964279
Finished Optimization at 2019-02-14 15:31:39.978284
Optimization terminated after 12 iterations. Exit Code = 0Optimization terminated successfully.

Started Integration at 2019-02-14 15:31:39.984281
Finished Optimization at 2019-02-14 15:31:40.017256
Optimization terminated after 11 iterations. Exit Code = 0Optimization terminated successfully.

Started Integration at 2019-02-14 15:31:40.023273
Finished Integration at 2019-02-14 15:31:40.026261
Finished Optimization at 2019-02-14 15:31:40.037279
Optimization terminated after 20 iterations. Exit Code = 0Optimization terminated successfully.

Started Integration at 2019-02-14 15:31:40.043280
Finished Optimization at 2019-02-14 15:31:40.045302
Optimization terminated after 14 iterations. Exit Code = 0Optimization terminated successfully.

Started Integration at 2019-02-14 15:31:40.051277
Finished Optimization at 2019-02-14 15:31:40.059284
Optimization terminated after 12 iterations. Exit Code = 0Optimization terminated successfully.

Started Integration at 2019-02-14 15:31:40.065282
Finished Integration at 2019-02-14 15:31:40.065299
Running cross validation for 14 degree check and 3 th-fold

======================================
Started run at 2019-02-14 15:31:40.073272
Started Integration at 2019-02-14 15:31:40.081279
Running cross validation for 15 degree check and 3 th-fold

======================================
Started run at 2019-02-14 15:31:40.099275
Started Integration at 2019-02-14 15:31:40.107283
Finished Integration at 2019-02-14 15:31:40.123277
Running cross validation for 17 degree check and 3 th-fold

======================================
Started run at 2019-02-14 15:31:40.133278
Finished Integration at 2019-02-14 15:31:40.137275
Started Integration at 2019-02-14 15:31:40.139300
Finished Integration at 2019-02-14 15:31:40.141275
Finished Optimization at 2019-02-14 15:31:40.155277
Optimization terminated after 49 iterations. Exit Code = 0Optimization terminated successfully.

Started Integration at 2019-02-14 15:31:40.161277
Running cross validation for 19 degree check and 3 th-fold

======================================
Started run at 2019-02-14 15:31:40.182271
Finished Integration at 2019-02-14 15:31:40.186413
Started Integration at 2019-02-14 15:31:40.188302
Running cross validation for 5 degree check and 4 th-fold

======================================
Started run at 2019-02-14 15:31:40.211274
Started Integration at 2019-02-14 15:31:40.219280
Running cross validation for 6 degree check and 4 th-fold

======================================
Started run at 2019-02-14 15:31:40.229279
Running cross validation for 8 degree check and 4 th-fold
Started Integration at 2019-02-14 15:31:40.239284

======================================
Started run at 2019-02-14 15:31:40.237271
Started Integration at 2019-02-14 15:31:40.247280
Finished Integration at 2019-02-14 15:31:40.335282
Finished Integration at 2019-02-14 15:31:40.341285
Finished Integration at 2019-02-14 15:31:40.343295
Finished Integration at 2019-02-14 15:31:40.354253
Finished Optimization at 2019-02-14 15:31:40.394284
Optimization terminated after 14 iterations. Exit Code = 0Optimization terminated successfully.

Finished Optimization at 2019-02-14 15:31:40.400286
Optimization terminated after 44 iterations. Exit Code = 0Optimization terminated successfully.

Started Integration at 2019-02-14 15:31:40.402251
Started Integration at 2019-02-14 15:31:40.404291
Finished Integration at 2019-02-14 15:31:40.413255
Finished Optimization at 2019-02-14 15:31:40.425280
Optimization terminated after 19 iterations. Exit Code = 0Optimization terminated successfully.

Started Integration at 2019-02-14 15:31:40.431281
Finished Integration at 2019-02-14 15:31:40.439285
Finished Integration at 2019-02-14 15:31:40.452281
Finished Optimization at 2019-02-14 15:31:40.475283
Optimization terminated after 15 iterations. Exit Code = 0Optimization terminated successfully.

Finished Integration at 2019-02-14 15:31:40.480188
Started Integration at 2019-02-14 15:31:40.480411
Finished Optimization at 2019-02-14 15:31:40.483064
Optimization terminated after 16 iterations. Exit Code = 0Optimization terminated successfully.

Started Integration at 2019-02-14 15:31:40.486284
Finished Integration at 2019-02-14 15:31:40.497287
Finished Integration at 2019-02-14 15:31:40.503285
Running cross validation for 9 degree check and 4 th-fold

======================================
Started run at 2019-02-14 15:31:40.513278
Started Integration at 2019-02-14 15:31:40.521282
Finished Optimization at 2019-02-14 15:31:40.523296
Optimization terminated after 39 iterations. Exit Code = 0Optimization terminated successfully.

Running cross validation for 11 degree check and 4 th-fold
Started Integration at 2019-02-14 15:31:40.529285
Finished Optimization at 2019-02-14 15:31:40.533284
Optimization terminated after 17 iterations. Exit Code = 0Optimization terminated successfully.


======================================
Started run at 2019-02-14 15:31:40.533323
Started Integration at 2019-02-14 15:31:40.537241
Started Integration at 2019-02-14 15:31:40.539265
Running cross validation for 12 degree check and 4 th-fold

======================================
Started run at 2019-02-14 15:31:40.596666
Started Integration at 2019-02-14 15:31:40.597219
Finished Integration at 2019-02-14 15:31:40.614262
Running cross validation for 14 degree check and 4 th-fold

======================================
Started run at 2019-02-14 15:31:40.621254
Finished Integration at 2019-02-14 15:31:40.629285
Started Integration at 2019-02-14 15:31:40.629303
Running cross validation for 15 degree check and 4 th-fold
Finished Integration at 2019-02-14 15:31:40.633286

======================================
Started run at 2019-02-14 15:31:40.639277
Started Integration at 2019-02-14 15:31:40.647275
Running cross validation for 17 degree check and 4 th-fold

======================================
Started run at 2019-02-14 15:31:40.664280
Finished Optimization at 2019-02-14 15:31:40.672280
Optimization terminated after 25 iterations. Exit Code = 0Optimization terminated successfully.

Started Integration at 2019-02-14 15:31:40.674299
Started Integration at 2019-02-14 15:31:40.676269
Finished Optimization at 2019-02-14 15:31:40.700289
Optimization terminated after 17 iterations. Exit Code = 0Optimization terminated successfully.

Started Integration at 2019-02-14 15:31:40.706287
Finished Integration at 2019-02-14 15:31:40.716288
Running cross validation for 19 degree check and 4 th-fold
Finished Optimization at 2019-02-14 15:31:40.724290
Optimization terminated after 17 iterations. Exit Code = 0Optimization terminated successfully.


======================================
Started run at 2019-02-14 15:31:40.724288
Started Integration at 2019-02-14 15:31:40.728285
Started Integration at 2019-02-14 15:31:40.730270
Finished Integration at 2019-02-14 15:31:40.775285
Finished Optimization at 2019-02-14 15:31:40.859281
Optimization terminated after 20 iterations. Exit Code = 0Optimization terminated successfully.

Started Integration at 2019-02-14 15:31:40.865276
Finished Optimization at 2019-02-14 15:31:40.892286
Optimization terminated after 20 iterations. Exit Code = 0Optimization terminated successfully.

Started Integration at 2019-02-14 15:31:40.898282
Finished Integration at 2019-02-14 15:31:40.935283
Finished Optimization at 2019-02-14 15:31:40.950252
Optimization terminated after 19 iterations. Exit Code = 0Optimization terminated successfully.

Started Integration at 2019-02-14 15:31:40.956280
Finished Integration at 2019-02-14 15:31:40.970286
Finished Integration at 2019-02-14 15:31:41.015282
Finished Optimization at 2019-02-14 15:31:41.027285
Optimization terminated after 25 iterations. Exit Code = 0Optimization terminated successfully.

Started Integration at 2019-02-14 15:31:41.033280
Finished Integration at 2019-02-14 15:31:41.106284
Finished Integration at 2019-02-14 15:31:41.113285
Finished Optimization at 2019-02-14 15:31:41.201282
Optimization terminated after 17 iterations. Exit Code = 0Optimization terminated successfully.

Started Integration at 2019-02-14 15:31:41.207282
Finished Integration at 2019-02-14 15:31:41.231687
Finished Integration at 2019-02-14 15:31:41.277041
Finished Optimization at 2019-02-14 15:31:41.307432
Optimization terminated after 21 iterations. Exit Code = 0Optimization terminated successfully.

Started Integration at 2019-02-14 15:31:41.307941
Finished Optimization at 2019-02-14 15:31:41.365584
Optimization terminated after 15 iterations. Exit Code = 0Optimization terminated successfully.

Started Integration at 2019-02-14 15:31:41.366087
Finished Optimization at 2019-02-14 15:31:41.366686
Optimization terminated after 16 iterations. Exit Code = 0Optimization terminated successfully.

Started Integration at 2019-02-14 15:31:41.367193
Finished Integration at 2019-02-14 15:31:41.373217
Finished Optimization at 2019-02-14 15:31:41.424934
Optimization terminated after 14 iterations. Exit Code = 0Optimization terminated successfully.

Started Integration at 2019-02-14 15:31:41.425488
Finished Integration at 2019-02-14 15:31:41.468519
Finished Integration at 2019-02-14 15:31:41.512794
Finished Integration at 2019-02-14 15:31:41.574662
Finished Optimization at 2019-02-14 15:31:41.638972
Optimization terminated after 17 iterations. Exit Code = 0Optimization terminated successfully.

Started Integration at 2019-02-14 15:31:41.639498
Finished Optimization at 2019-02-14 15:31:41.732708
Optimization terminated after 16 iterations. Exit Code = 0Optimization terminated successfully.

Started Integration at 2019-02-14 15:31:41.733226
Finished Integration at 2019-02-14 15:31:41.745227
Finished Optimization at 2019-02-14 15:31:41.880342
Optimization terminated after 23 iterations. Exit Code = 0Optimization terminated successfully.

Started Integration at 2019-02-14 15:31:41.880854
Finished Optimization at 2019-02-14 15:31:41.944761
Optimization terminated after 16 iterations. Exit Code = 0Optimization terminated successfully.

Started Integration at 2019-02-14 15:31:41.945278
Finished Optimization at 2019-02-14 15:31:42.351486
Optimization terminated after 15 iterations. Exit Code = 0Optimization terminated successfully.

Started Integration at 2019-02-14 15:31:42.351973
Finished Optimization at 2019-02-14 15:31:42.656144
Optimization terminated after 34 iterations. Exit Code = 0Optimization terminated successfully.

Started Integration at 2019-02-14 15:31:42.656690
Finished Optimization at 2019-02-14 15:31:42.796482
Optimization terminated after 18 iterations. Exit Code = 0Optimization terminated successfully.

Started Integration at 2019-02-14 15:31:42.796991
Finished Optimization at 2019-02-14 15:31:42.970711
Optimization terminated after 16 iterations. Exit Code = 0Optimization terminated successfully.

Started Integration at 2019-02-14 15:31:42.971231
Finished Optimization at 2019-02-14 15:31:43.357175
Optimization terminated after 16 iterations. Exit Code = 0Optimization terminated successfully.

Started Integration at 2019-02-14 15:31:43.357667
Finished Optimization at 2019-02-14 15:31:43.928106
Optimization terminated after 17 iterations. Exit Code = 0Optimization terminated successfully.

Started Integration at 2019-02-14 15:31:43.928639
Finished Optimization at 2019-02-14 15:31:44.045527
Optimization terminated after 24 iterations. Exit Code = 0Optimization terminated successfully.

Started Integration at 2019-02-14 15:31:44.046578
Finished Optimization at 2019-02-14 15:31:45.250249
Optimization terminated after 24 iterations. Exit Code = 0Optimization terminated successfully.

Started Integration at 2019-02-14 15:31:45.250769
Finished CV. Picked set([19]) degrees by maximizing likelihood
======================================
Started run at 2019-02-14 15:31:45.702560
Started Integration at 2019-02-14 15:31:45.703305
Finished Integration at 2019-02-14 15:31:47.155051
Finished Optimization at 2019-02-14 15:31:50.769841
Optimization terminated after 25 iterations. Exit Code = 0Optimization terminated successfully.

Finished full dataset MLE run at 2019-02-14 15:32:02.450633


=======================================================================

Running 100 bootstraps for the MLE code with degree = 19, using 24 thread/s.

=======================================================================


======================================
Started run at 2019-02-14 15:32:02.539570
Started Integration at 2019-02-14 15:32:02.540740

======================================
Started run at 2019-02-14 15:32:02.541543
Started Integration at 2019-02-14 15:32:02.542613

======================================
Started run at 2019-02-14 15:32:02.543322
Started Integration at 2019-02-14 15:32:02.544284

======================================
Started run at 2019-02-14 15:32:02.545109
Started Integration at 2019-02-14 15:32:02.545994

======================================
Started run at 2019-02-14 15:32:02.546898
Started Integration at 2019-02-14 15:32:02.548312

======================================
Started run at 2019-02-14 15:32:02.548692
Started Integration at 2019-02-14 15:32:02.549994

======================================
Started run at 2019-02-14 15:32:02.550427

======================================
Started run at 2019-02-14 15:32:02.552159

======================================
Started run at 2019-02-14 15:32:02.556528

======================================
Started run at 2019-02-14 15:32:02.555626

======================================
Started run at 2019-02-14 15:32:02.557374
Started Integration at 2019-02-14 15:32:02.561125

======================================
Started run at 2019-02-14 15:32:02.558259

======================================
Started run at 2019-02-14 15:32:02.560049
Started Integration at 2019-02-14 15:32:02.561837
Started Integration at 2019-02-14 15:32:02.561139
Started Integration at 2019-02-14 15:32:02.562209

======================================
Started run at 2019-02-14 15:32:02.560948
Started Integration at 2019-02-14 15:32:02.562521

======================================
Started run at 2019-02-14 15:32:02.553898

======================================
Started run at 2019-02-14 15:32:02.559152
Started Integration at 2019-02-14 15:32:02.562210

======================================
Started run at 2019-02-14 15:32:02.561880

======================================
Started run at 2019-02-14 15:32:02.568121
Started Integration at 2019-02-14 15:32:02.562524
Started Integration at 2019-02-14 15:32:02.563003
Started Integration at 2019-02-14 15:32:02.566294

======================================
Started run at 2019-02-14 15:32:02.563636
Started Integration at 2019-02-14 15:32:02.584269

======================================
Started run at 2019-02-14 15:32:02.562733
Started Integration at 2019-02-14 15:32:02.590260

======================================
Started run at 2019-02-14 15:32:02.567402

======================================
Started run at 2019-02-14 15:32:02.564608

======================================
Started run at 2019-02-14 15:32:02.565577

======================================
Started run at 2019-02-14 15:32:02.566459
Started Integration at 2019-02-14 15:32:02.575298
Started Integration at 2019-02-14 15:32:02.608270
Started Integration at 2019-02-14 15:32:02.611276
Started Integration at 2019-02-14 15:32:02.617275
Started Integration at 2019-02-14 15:32:02.620277
Started Integration at 2019-02-14 15:32:02.633288
Started Integration at 2019-02-14 15:32:02.653281
Finished Integration at 2019-02-14 15:32:04.036039
Finished Integration at 2019-02-14 15:32:04.046403
Finished Integration at 2019-02-14 15:32:04.046431
Finished Integration at 2019-02-14 15:32:04.107284
Finished Integration at 2019-02-14 15:32:04.114286
Finished Integration at 2019-02-14 15:32:04.114300
Finished Integration at 2019-02-14 15:32:04.114304
Finished Integration at 2019-02-14 15:32:04.114317
Finished Integration at 2019-02-14 15:32:04.123307
Finished Integration at 2019-02-14 15:32:04.123310
Finished Integration at 2019-02-14 15:32:04.131286
Finished Integration at 2019-02-14 15:32:04.137290
Finished Integration at 2019-02-14 15:32:04.143261
Finished Integration at 2019-02-14 15:32:04.150283
Finished Integration at 2019-02-14 15:32:04.169280
Finished Integration at 2019-02-14 15:32:04.190283
Finished Integration at 2019-02-14 15:32:04.196293
Finished Integration at 2019-02-14 15:32:04.217296
Finished Integration at 2019-02-14 15:32:04.228330
Finished Integration at 2019-02-14 15:32:04.239592
Finished Integration at 2019-02-14 15:32:04.253288
Finished Integration at 2019-02-14 15:32:04.255255
Finished Integration at 2019-02-14 15:32:04.269289
Finished Integration at 2019-02-14 15:32:04.302294
Finished Optimization at 2019-02-14 15:32:04.711290
Optimization terminated after 3 iterations. Exit Code = 0Optimization terminated successfully.

Finished Optimization at 2019-02-14 15:32:04.729286
Optimization terminated after 3 iterations. Exit Code = 0Optimization terminated successfully.

Finished Optimization at 2019-02-14 15:32:04.761302
Optimization terminated after 3 iterations. Exit Code = 0Optimization terminated successfully.

Finished Optimization at 2019-02-14 15:32:04.900305
Optimization terminated after 3 iterations. Exit Code = 0Optimization terminated successfully.

Finished Optimization at 2019-02-14 15:32:06.408304
Optimization terminated after 14 iterations. Exit Code = 0Optimization terminated successfully.

Finished Optimization at 2019-02-14 15:32:06.506293
Optimization terminated after 15 iterations. Exit Code = 0Optimization terminated successfully.

Finished Optimization at 2019-02-14 15:32:06.551282
Optimization terminated after 16 iterations. Exit Code = 0Optimization terminated successfully.

Finished Optimization at 2019-02-14 15:32:06.641311
Optimization terminated after 16 iterations. Exit Code = 0Optimization terminated successfully.

Finished Optimization at 2019-02-14 15:32:06.682288
Optimization terminated after 16 iterations. Exit Code = 0Optimization terminated successfully.

Finished Optimization at 2019-02-14 15:32:06.856309
Optimization terminated after 16 iterations. Exit Code = 0Optimization terminated successfully.

Finished Optimization at 2019-02-14 15:32:07.077316
Optimization terminated after 18 iterations. Exit Code = 0Optimization terminated successfully.

Finished Optimization at 2019-02-14 15:32:07.149293
Optimization terminated after 19 iterations. Exit Code = 0Optimization terminated successfully.

Finished Optimization at 2019-02-14 15:32:07.397317
Optimization terminated after 21 iterations. Exit Code = 0Optimization terminated successfully.

Finished Optimization at 2019-02-14 15:32:07.400400
Optimization terminated after 20 iterations. Exit Code = 0Optimization terminated successfully.

Finished Optimization at 2019-02-14 15:32:07.724285
Optimization terminated after 22 iterations. Exit Code = 0Optimization terminated successfully.

Finished Optimization at 2019-02-14 15:32:07.870272
Optimization terminated after 22 iterations. Exit Code = 0Optimization terminated successfully.

Finished Optimization at 2019-02-14 15:32:07.988298
Optimization terminated after 23 iterations. Exit Code = 0Optimization terminated successfully.

Finished Optimization at 2019-02-14 15:32:08.003482
Optimization terminated after 23 iterations. Exit Code = 0Optimization terminated successfully.

Finished Optimization at 2019-02-14 15:32:08.671289
Optimization terminated after 28 iterations. Exit Code = 0Optimization terminated successfully.

Finished Optimization at 2019-02-14 15:32:08.696288
Optimization terminated after 30 iterations. Exit Code = 0Optimization terminated successfully.

Finished Optimization at 2019-02-14 15:32:09.216290
Optimization terminated after 30 iterations. Exit Code = 0Optimization terminated successfully.

Finished Optimization at 2019-02-14 15:32:09.507283
Optimization terminated after 34 iterations. Exit Code = 0Optimization terminated successfully.

Finished Optimization at 2019-02-14 15:32:09.563265
Optimization terminated after 36 iterations. Exit Code = 0Optimization terminated successfully.

Finished Optimization at 2019-02-14 15:32:10.020292
Optimization terminated after 37 iterations. Exit Code = 0Optimization terminated successfully.


======================================
Started run at 2019-02-14 15:32:15.747757
Started Integration at 2019-02-14 15:32:15.754285

======================================
Started run at 2019-02-14 15:32:16.232609
Started Integration at 2019-02-14 15:32:16.239286

======================================
Started run at 2019-02-14 15:32:16.572707
Started Integration at 2019-02-14 15:32:16.579288

======================================
Started run at 2019-02-14 15:32:16.772928
Started Integration at 2019-02-14 15:32:16.780286
Finished Integration at 2019-02-14 15:32:17.362285

======================================
Started run at 2019-02-14 15:32:17.544985
Started Integration at 2019-02-14 15:32:17.552273

======================================
Started run at 2019-02-14 15:32:17.615506
Started Integration at 2019-02-14 15:32:17.622287

======================================
Started run at 2019-02-14 15:32:17.627601
Started Integration at 2019-02-14 15:32:17.634284

======================================
Started run at 2019-02-14 15:32:17.694480
Started Integration at 2019-02-14 15:32:17.701268
Finished Integration at 2019-02-14 15:32:17.837290

======================================
Started run at 2019-02-14 15:32:17.918167
Started Integration at 2019-02-14 15:32:17.925283
Finished Integration at 2019-02-14 15:32:18.258286

======================================
Started run at 2019-02-14 15:32:18.267791
Started Integration at 2019-02-14 15:32:18.274271
Finished Integration at 2019-02-14 15:32:18.326280

======================================
Started run at 2019-02-14 15:32:18.363668
Started Integration at 2019-02-14 15:32:18.370288

======================================
Started run at 2019-02-14 15:32:18.617690
Started Integration at 2019-02-14 15:32:18.624289

======================================
Started run at 2019-02-14 15:32:18.670813
Started Integration at 2019-02-14 15:32:18.677287

======================================
Started run at 2019-02-14 15:32:18.723599
Started Integration at 2019-02-14 15:32:18.730287

======================================
Started run at 2019-02-14 15:32:18.874938
Started Integration at 2019-02-14 15:32:18.882282
Finished Integration at 2019-02-14 15:32:19.036289
Finished Integration at 2019-02-14 15:32:19.118290

======================================
Started run at 2019-02-14 15:32:19.160498
Started Integration at 2019-02-14 15:32:19.161540
Finished Integration at 2019-02-14 15:32:19.171287
Finished Integration at 2019-02-14 15:32:19.211273

======================================
Started run at 2019-02-14 15:32:19.336859
Started Integration at 2019-02-14 15:32:19.343284

======================================
Started run at 2019-02-14 15:32:19.490659
Started Integration at 2019-02-14 15:32:19.497277
Finished Integration at 2019-02-14 15:32:19.519295

======================================
Started run at 2019-02-14 15:32:19.641380
Started Integration at 2019-02-14 15:32:19.648284

======================================
Started run at 2019-02-14 15:32:19.785919
Started Integration at 2019-02-14 15:32:19.793283
Finished Integration at 2019-02-14 15:32:19.815282
Finished Integration at 2019-02-14 15:32:19.934268
Finished Integration at 2019-02-14 15:32:20.157299

======================================
Started run at 2019-02-14 15:32:20.204257
Started Integration at 2019-02-14 15:32:20.224298
Finished Integration at 2019-02-14 15:32:20.301297
Finished Integration at 2019-02-14 15:32:20.352271
Finished Integration at 2019-02-14 15:32:20.363295

======================================
Started run at 2019-02-14 15:32:20.597179
Started Integration at 2019-02-14 15:32:20.604281

======================================
Started run at 2019-02-14 15:32:20.607374
Started Integration at 2019-02-14 15:32:20.616282
Finished Optimization at 2019-02-14 15:32:20.663303
Optimization terminated after 15 iterations. Exit Code = 0Optimization terminated successfully.

Finished Integration at 2019-02-14 15:32:20.737608
Finished Optimization at 2019-02-14 15:32:20.772291
Optimization terminated after 19 iterations. Exit Code = 0Optimization terminated successfully.

Finished Integration at 2019-02-14 15:32:20.927315
Finished Integration at 2019-02-14 15:32:20.934291
Finished Integration at 2019-02-14 15:32:21.162308

======================================
Started run at 2019-02-14 15:32:21.239662
Started Integration at 2019-02-14 15:32:21.246286
Finished Integration at 2019-02-14 15:32:21.356316
Finished Optimization at 2019-02-14 15:32:21.518317
Optimization terminated after 3 iterations. Exit Code = 0Optimization terminated successfully.

Finished Optimization at 2019-02-14 15:32:21.641426
Optimization terminated after 15 iterations. Exit Code = 0Optimization terminated successfully.

Finished Integration at 2019-02-14 15:32:21.663283
Finished Optimization at 2019-02-14 15:32:21.762310
Optimization terminated after 17 iterations. Exit Code = 0Optimization terminated successfully.

Finished Optimization at 2019-02-14 15:32:21.864310
Optimization terminated after 18 iterations. Exit Code = 0Optimization terminated successfully.

Finished Integration at 2019-02-14 15:32:22.077305
Finished Optimization at 2019-02-14 15:32:22.144298
Optimization terminated after 17 iterations. Exit Code = 0Optimization terminated successfully.

Finished Integration at 2019-02-14 15:32:22.327287
Finished Optimization at 2019-02-14 15:32:22.341291
Optimization terminated after 30 iterations. Exit Code = 0Optimization terminated successfully.

Finished Optimization at 2019-02-14 15:32:22.389286
Optimization terminated after 25 iterations. Exit Code = 0Optimization terminated successfully.

Finished Optimization at 2019-02-14 15:32:22.587322
Optimization terminated after 17 iterations. Exit Code = 0Optimization terminated successfully.

Finished Optimization at 2019-02-14 15:32:22.617287
Optimization terminated after 15 iterations. Exit Code = 0Optimization terminated successfully.

Finished Optimization at 2019-02-14 15:32:22.772293
Optimization terminated after 22 iterations. Exit Code = 0Optimization terminated successfully.

Finished Integration at 2019-02-14 15:32:22.896280
Finished Optimization at 2019-02-14 15:32:23.097314
Optimization terminated after 17 iterations. Exit Code = 0Optimization terminated successfully.

Finished Optimization at 2019-02-14 15:32:23.280299
Optimization terminated after 13 iterations. Exit Code = 0Optimization terminated successfully.

Finished Optimization at 2019-02-14 15:32:23.337284
Optimization terminated after 18 iterations. Exit Code = 0Optimization terminated successfully.

Finished Optimization at 2019-02-14 15:32:23.349201
Optimization terminated after 16 iterations. Exit Code = 0Optimization terminated successfully.

Finished Optimization at 2019-02-14 15:32:23.853308
Optimization terminated after 25 iterations. Exit Code = 0Optimization terminated successfully.

Finished Optimization at 2019-02-14 15:32:24.908281
Optimization terminated after 12 iterations. Exit Code = 0Optimization terminated successfully.

Finished Optimization at 2019-02-14 15:32:24.955292
Optimization terminated after 20 iterations. Exit Code = 0Optimization terminated successfully.

Finished Optimization at 2019-02-14 15:32:25.621300
Optimization terminated after 30 iterations. Exit Code = 0Optimization terminated successfully.

Finished Optimization at 2019-02-14 15:32:26.048284
Optimization terminated after 24 iterations. Exit Code = 0Optimization terminated successfully.

Finished Optimization at 2019-02-14 15:32:26.158294
Optimization terminated after 34 iterations. Exit Code = 0Optimization terminated successfully.

Finished Optimization at 2019-02-14 15:32:27.264294
Optimization terminated after 35 iterations. Exit Code = 0Optimization terminated successfully.

Finished Optimization at 2019-02-14 15:32:27.403287
Optimization terminated after 33 iterations. Exit Code = 0Optimization terminated successfully.


======================================
Started run at 2019-02-14 15:32:31.927414
Started Integration at 2019-02-14 15:32:31.934263

======================================
Started run at 2019-02-14 15:32:31.978176
Started Integration at 2019-02-14 15:32:31.985285

======================================
Started run at 2019-02-14 15:32:32.609479
Started Integration at 2019-02-14 15:32:32.616286

======================================
Started run at 2019-02-14 15:32:32.956607
Started Integration at 2019-02-14 15:32:32.963283

======================================
Started run at 2019-02-14 15:32:32.978180
Started Integration at 2019-02-14 15:32:32.985286

======================================
Started run at 2019-02-14 15:32:33.049619
Started Integration at 2019-02-14 15:32:33.056283

======================================
Started run at 2019-02-14 15:32:33.128214
Started Integration at 2019-02-14 15:32:33.135282

======================================
Started run at 2019-02-14 15:32:33.166792
Started Integration at 2019-02-14 15:32:33.173288
Finished Integration at 2019-02-14 15:32:33.475285
Finished Integration at 2019-02-14 15:32:33.502253

======================================
Started run at 2019-02-14 15:32:33.581577
Started Integration at 2019-02-14 15:32:33.588283

